Template: NONE
Grime: 0.4021739
RandomItemDensity: 0.4021739
Palette: 44459
Effects: LightBurn-0.1195652-20-20, ReplaceEffectColorB-0.3586957-763-343-Color-0.6304348-0.7065217-0.7173913, AboveCloudsView-1-30-30, 
PlacedObjects: CustomDecal><-177.922><-2.397919><-10~657~1332~659~1321~1~-134~-303~0~1~0~rustb2~0.2391304~1~0.2391304~1~0.2391304~1~0.2391304~1, CustomDecal><136.9595><58.19586><-43~291~321~304~341~-7~-224~-340~0~1~0~rust2~0.2391304~1~0.2391304~1~0.2391304~1~0.2391304~1, CustomDecal><635.5728><235.9073><-145~424~269~485~236~-13~49~-672~0~1~0~rust3~0.2173913~1~0.2173913~1~0.2173913~1~0.2173913~1, CustomDecal><321.5879><21.17966><-144~682~392~628~296~-6~-69~-631~0~1~0~rustb3~0.2173913~1~0.2173913~1~0.2173913~1~0.2173913~1, CustomDecal><104.9105><765.9288><78~287~607~313~681~-16~-141~-290~0~1~0~rustb2~0.25~1~0.25~1~0.25~1~0.25~1, CustomDecal><244.0585><885.9425><-1~557~432~404~354~-67~-117~-662~0~1~0~rust2~0.2282609~1~0.2282609~1~0.2282609~1~0.2282609~1, CustomDecal><110.0531><760.9652><-5~135~376~131~312~0~4~-571~0~1~0~rustb3~0.2391304~1~0.2391304~1~0.2391304~1~0.2391304~1, 
AmbientSounds: OMNI><am_ind-factory02.ogg><709.2598><312.4498><0.1847826><1, OMNI><am_win-medwind.ogg><730.8417><223.8722><0.3913043><1, OMNI><msc-structurestrain.ogg><722.9496><424.5116><0.1630435><1, 
FadePalette: 1, 0.1956522, 0.1956522
MorePalette0: 3, 0.09782609, 0.09782609
BackgroundOffset: 0,-1304.348
