Template: NONE
Clouds: 0.1521739
Grime: 0.3913043
Palette: 44459
EffectColorA: 2
EffectColorB: 9
Effects: Fog-0.2065217-20-20, ReplaceEffectColorB-0.1956522-175-49-Color-0.6304348-0.7065217-0.7065217, 
PlacedObjects: CustomDecal><294.2838><151.5529><-180~426~178~501~239~-71~-440~-497~0~1~0~rust1~0.2173913~1~0.2173913~1~0.2173913~1~0.2173913~1, CustomDecal><440.7156><130.053><6~511~377~350~282~-127~-578~-438~0~1~0~rustb1~0.2826087~1~0.2826087~1~0.2826087~1~0.2826087~1, CustomDecal><257.0503><50.7601><-191~230~518~296~489~-43~0~0~0~1~0~rustb2~0.2934783~1~0.2934783~1~0.2934783~1~0.2934783~1, ColouredLightSource><406.5533><84.7865><100~50~FF0016~144^104~0.2934783~True~0.8695652~0~0.5~Always~0~100, 
FadePalette: 5, 0.2065217
MorePalette0: 8, 0.08695652
