Template: NONE
Clouds: 0.1521739
Palette: 44459
EffectColorA: 6
EffectColorB: 9
Effects: Flies-0.08695652-29-98, TinyDragonFly-0.04347826-37-111, RockFlea-0.2717391-38-97, Fog-0.3695652-20-20, ReplaceEffectColorB-0.3804348-732-386-Color-0.6304348-0.7173913-0.7173913, 
PlacedObjects: ColouredLightSource><-55.81082><596.1851><100~50~FFBCA6~534^-358~0.5326087~True~0.7717392~0~0.5~Always~0~100, ColouredLightSource><1072.125><630.1566><100~50~FFB798~-583^-323~0.5434783~True~0.7608696~0~0.5~Always~0~100, CustomDecal><899.9742><159.1983><12~313~263~439~262~-15~-388~112~0~1~0~rust3~0.3043478~1~0.3043478~1~0.3043478~1~0.3043478~1, CustomDecal><-142.7209><117.1979><-45~222~178~319~378~-13~0~0~0~1~0~rustb2~0.3043479~1~0.3043479~1~0.3043479~1~0.3043479~1, CustomDecal><256.688><188.6819><-54~249~363~284~344~-11~0~0~0~1~0~rust1~0.25~1~0.25~1~0.25~1~0.25~1, SnowSource><231.6215><178.409><Radial~-401~77~50~86.60254~0.1847826~0, SnowSource><614.1666><210.0683><Radial~-329~121~50~86.60254~0.1630435~0, 
FadePalette: 5, 0.2065217
MorePalette0: 3, 0.1847826
