Template: NONE
Clouds: 0
Grime: 0.6086956
RandomItemDensity: 0.5
Palette: 1
EffectColorA: 1
EffectColorB: 6
PlacedObjects: CustomDecal><276.1597><52.95207><5~1415~485~1413~500~-69~0~0~0~1~0~rustb3~0.5652174~0.7826087~0.4891304~0.7826087~0.2826087~0.7826087~0.3369565~0.7826087, CustomDecal><77.94766><766.9695><-74~195~373~248~355~-46~-206~198~0.326087~0.6630435~0~rust1~0.1847826~1~0.6630435~1~0.5434783~1~0.2391304~1, 
FadePalette: 3, 0.2065217, 0.2065217
MorePalette0: 7, 0.1521739, 0.1521739
MorePalette1: 8, 0.1086956, 0.1086956
