Template: M0_SettingsTemplate_Inside
WaterReflectionAlpha: 0.203476
PlacedObjects: CGDrySpot><-113.3787><71.70019><100~50~1295.25^260.0782~True~Sync, CGDrySpot><1852.768><60.39869><100~50~424.425^252.2521~True~Sync, LightSource><1737.055><397.5779><0.3504068~EffectColor2~-44.82184~7.510376~202.9635~32.53174~0~1~None~0~0, LightSource><1738.271><398.0952><0.1570766~EffectColor2~-379.2073~229.4854~50~86.60254~0~0~None~0~0, LightSource><1738.231><397.7986><0.7061369~EffectColor2~-127.3509~114.9406~41.46246~125.7328~0~0~None~0~0, LightSource><989.475><576.0615><0.3504068~EffectColor2~-44.82184~7.510376~207.9437~-138.9297~0~1~None~0~0, LightSource><990.8979><577.4844><0.1570766~EffectColor2~-379.2073~229.4854~44.30835~-81.30164~0~0~None~0~0, LightSource><990.8979><577.4843><0.7061369~EffectColor2~-127.3509~114.9406~114.7427~-249.2057~0~0~None~0~0, GooieDuck><643.6078><459.0632><0~0~2~3, GooieDuck><455.5207><435.8242><0~0~2~3, GooieDuck><286.7834><456.3296><-318.7333~157.2322~2~3, Mushroom><1151.414><402.4329><0~0~2~3, Mushroom><968.0901><404.1629><0~0~2~3, Mushroom><1106.62><425.1703><0~0~2~3, ReliableSpear><1353.966><253.6656><, ReliableSpear><1024.415><384.8027><, ReliableSpear><1925.34><558.8756><, CustomDecal><-117.6465><170.603><-49.09062~479.6812~1234.539~582.8427~1281.495~51.93648~326.5594~39.13016~0~1~0~bubblegum2~0.2576094~0.819724~0.2576094~0.819724~0.2576094~0.819724~0.2576094~0.819724, CustomDecal><518.9196><175.4718><-108.1417~587.8229~1198.254~543.7124~1166.238~-98.18124~318.7333~81.81769~0~1~0~bubblegum3~0.2576095~0.85839~0.2576095~0.85839~0.2576095~0.85839~0.2576095~0.85839, CustomDecal><1092.523><89.29472><-33.43854~466.1635~825.45~741.4979~912.9593~36.99582~-39.84172~56.91674~0~1~0~bubblegum1~0.2576085~0.7965237~0.2576085~0.7965237~0.2576085~0.7965237~0.2576085~0.7965237, CustomDecal><1483.124><139.543><-190.6709~533.7521~673.9093~660.3915~697.3875~59.05104~-621.1031~22.05524~0~1~0~bubblegum2~0.2706635~0.7965239~0.2706635~0.7965239~0.2706635~0.7965239~0.2706635~0.7965239, CustomDecal><1545.835><312.8218><-28.45825~124.6636~271.9352~148.853~285.4526~-122.3708~318.7333~81.81769~0~1~0~bubblegum3~0.3349424~0.85839~0.3349424~0.85839~0.3349424~0.85839~0.3349424~0.85839, 
FadePalette: 5, 0, 0
MorePalette0: 10, 0.6727925, 0.7269254
