Template: NONE
Clouds: 0.1521739
Grime: 0.5
Palette: 44459
EffectColorA: 2
EffectColorB: 9
Effects: ReplaceEffectColorB-0.3804348-120-46-Color-0.6304348-0.7173913-0.7173913, Fog-0.3043478-341-104, CorruptionSpores-0.25-35-85, 
PlacedObjects: CustomDecal><393.0829><374.64><-128~312~294~260~300~-63~0~0~0~1~0~rust1~0.2608696~0~0.2608696~0~0.2608696~0~0.2608696~0, CustomDecal><-52.6817><239.4164><-105~416~381~445~405~-52~0~0~0~1~0~rustb3~0.1956522~1~0.1956522~1~0.1956522~1~0.1956522~1, CustomDecal><668.6184><64.90064><64~591~496~590~420~-42~0~0~0~1~0~rust2~0.2282609~1~0.2282609~1~0.2282609~1~0.2282609~1, CustomDecal><1131.008><272.0502><-10~444~493~354~531~-78~0~0~0~1~0~rust2~0.1847826~1~0.1847826~1~0.1847826~1~0.1847826~1, CustomDecal><1661.8><195.2422><-115~427~532~513~518~-32~0~0~0~1~0~rustb2~0.2065217~1~0.2065217~1~0.2065217~1~0.2065217~1, ColouredLightSource><1980.305><692.7063><100~50~BF8082~-614^-385~0.3478261~True~0.8695652~0~0.5~Always~0~100, ColouredLightSource><65.30191><615.2224><100~50~F9939B~464^-320~0.423913~True~0.7934783~0~0.5~Always~0~100, ColouredLightSource><946.9374><668.82><100~50~E98D98~-426^-587~0.4130435~True~0.7826087~0~0.5~Always~0~100, CustomDecal><758.457><202.6953><-5~132~126~131~123~-17~0~0~0~1~0~angularwhiteols~0.5~0.1956522~0.5~0.1956522~0.5~0.1956522~0.5~0.1956522, 
FadePalette: 5, 0.2065217, 0.2065217
MorePalette0: 3, 0.1413043, 0.1413043
