Template: NONE
CeilingDrips: 0.01086957
Grime: 0
Palette: 44459
EffectColorA: 2
EffectColorB: 9
Effects: Fog-0.6956522-20-20, Flies-0.07608695-306-25, RockFlea-0.1630435-314-113, CorruptionSpores-1-1053-177, 
PlacedObjects: GooieDuck><380.8004><925.7623><686~364~0~3, GooieDuck><303.4308><867.6646><763~343~2~3, CustomDecal><647.468><191.3026><-14~424~178~423~184~-9~420~232~0~1~0~bubblegumb1~0.4347826~0.5~0.6739131~0.5~0~0.5~0~0.5, CustomDecal><96.35828><701.3911><-23~407~226~420~212~-27~970~194~0~1~0~bubblegumb3~0.4130435~0.2717391~0.4130435~0.2717391~0.4130435~0.2717391~0.4130435~0.2717391, CustomDecal><161.1904><952.3091><-69~284~173~290~141~47~249~12~0~1~0~blackrust1~0.7065217~0.3043478~0.7065217~0.3043478~0.7065217~0.3043478~0.7065217~0.3043478, CustomDecal><306.5076><334.7994><38~342~-203~328~-199~-1~762~-220~0~0.3369565~0~blackrust1~0.5434783~0.7717391~0.5434783~0.7717391~0.5434783~0.7717391~0.5434783~0.7717391, CustomDecal><1378.639><35.8335><-52~371~214~359~218~2~785~384~0~0.423913~0~bubblegumb3~0.423913~0~0.423913~1~0.423913~0.3152174~0.423913~1, CustomDecal><2657.878><45.90379><-42~258~220~288~165~-2~-501~67~0~0.08695652~0~blackrust1~0.8260869~0.5434783~0.8260869~0.5434783~0.8260869~0.5434783~0.8260869~0.5434783, CustomDecal><3120.077><31.90101><-20~370~300~457~277~42~-701~308~0~0.1521739~0~bubblegumb1~0.3043478~0.5108696~0.3043478~0.5108696~0.3043478~0.5108696~0.3043478~0.5108696, 
AmbientSounds: OMNI><AM_IND-Factory03.ogg><753.3008><426.2315><0.1195652><1, OMNI><AM_IND-Utility02.ogg><745.1907><276.441><0.2391304><1, OMNI><AM_ENV-LightWind.ogg><745.3885><345.8558><0.3586957><1, DIR><AM_ENV-Outside.ogg><415.5559><375.2982><1><1><89.81698><0.05434782, 
FadePalette: 5, 0, 0.05434782, 0.1086956, 0.1304348
