Template: M0_SettingsTemplate_Inside
WaterReflectionAlpha: 0.1648099
PlacedObjects: LightSource><810.1085><322.1823><0.203476~EffectColor2~-431.8552~189.6437~50~86.60254~0~0~None~0~0, LightSource><810.963><321.7153><0.7525363~EffectColor2~-140.1573~77.94485~50~86.60254~0~0~None~0~0, LightSource><810.8285><321.8554><0.4045397~EffectColor2~-41.97607~14.625~50~86.60254~0~1~None~0~0, GooieDuck><285.1821><393.3216><0~0~2~3, GooieDuck><474.955><429.173><0~0~2~3, GooieDuck><397.7235><397.9394><-296.6782~72.56873~2~3, GooieDuck><546.9092><451.6837><0~0~2~3, Mushroom><509.3431><361.3489><0~0~2~3, Mushroom><490.4309><357.3371><0~0~2~3, ReliableSpear><706.2709><231.662><, ReliableSpear><849.2223><237.3373><, ReliableSpear><616.7299><315.0166><, CustomDecal><-63.81272><89.19891><-12.0948~403.5553~1154.144~656.8344~1008.295~-8.537514~290.9865~113.1219~0~1~0~bubblegumb2~0.2653421~0.7887905~0.2653421~0.7887905~0.2653421~0.7887905~0.2653421~0.7887905, CustomDecal><662.8577><72.48503><-157.9438~338.1011~269.0894~403.5552~399.2862~101.7385~-607.5854~1.422913~0~1~0~bubblegum3~0.2808085~0.7887905~0.2808085~0.7887905~0.2808085~0.7887905~0.2808085~0.7887905, 
FadePalette: 5, 0.2010642
MorePalette0: 10, 0.8042576
