Template: M0_SettingsTemplate_Inside
Grime: 0.6573709
WaterReflectionAlpha: 0.3040085
PlacedObjects: LightSource><902.7139><298.0945><0.1570766~EffectColor2~-56.9165~10.35623~50~86.60254~0~1~None~0~0, LightSource><902.45><298.1177><0.5050739~EffectColor2~-128.7737~-14.54477~96.24475~-51.42038~0~0~None~0~0, LightSource><902.45><298.1177><0.1029451~EffectColor2~-605.4507~257.2323~44.30823~-183.7516~0~0~None~0~0, CustomDecal><327.0969><63.22945><-184.9792~501.025~912.9595~519.5229~725.1345~-100.3156~618.2574~24.90099~0.3015959~1~0~bubblegum1~0.3170617~0.7037247~0.3015946~0.7655905~0.3247959~0.7191918~0.3402604~0.7423918, CustomDecal><98.29286><99.0224><-169.3271~561.4989~745.0552~597.0717~358.7333~-108.8531~721.4187~-93.20108~0~1~0~bubblegum3~0.2808068~0.7114576~0.2344068~0.6727932~0.2653384~0.7501234~0.2653397~0.7423918, CustomDecal><995.2809><267.2452><-485.926~311.7771~111.1459~328.8521~189.4063~-113.1219~-762.6833~-95.33533~0~1~0~bubblegum2~0.3349414~0.7037261~0.3658743~0.7346596~0.2962753~0.7114603~0.3426743~0.7655918, DeadHazer><603.1349><165.6849><0~0~7~10, 
FadePalette: 10, 0.5567936
